1	0	0	0.554032	0	-1	-1.22465e-16	0.79124	0	1.22465e-16	-1	0	0	0	0	1	
1	0	0	0.554032	0	-1	-1.37316e-06	0.79124	0	1.37316e-06	-1	0	0	0	0	1	
1	0	0	0.554032	0	-1	-5.49265e-06	0.79124	0	5.49265e-06	-1	0	0	0	0	1	
1	0	0	0.554032	0	-1	-1.23585e-05	0.79124	0	1.23585e-05	-1	0	0	0	0	1	
1	0	0	0.554032	0	-1	-2.19706e-05	0.79124	0	2.19706e-05	-1	0	0	0	0	1	
1	0	0	0.554031	0	-1	-3.4329e-05	0.791241	0	3.4329e-05	-1	0	0	0	0	1	
1	0	0	0.554031	0	-1	-4.94338e-05	0.791241	0	4.94338e-05	-1	0	0	0	0	1	
1	0	0	0.55403	0	-1	-6.72849e-05	0.791241	0	6.72849e-05	-1	0	0	0	0	1	
1	0	0	0.554029	0	-1	-8.78823e-05	0.791241	0	8.78823e-05	-1	0	0	0	0	1	
1	0	0	0.554028	0	-1	-0.000111226	0.791241	0	0.000111226	-1	0	0	0	0	1	
1	0	0	0.554028	0	-1	-0.000137316	0.791242	0	0.000137316	-1	0	0	0	0	1	
1	0	0	0.554027	0	-1	-0.000166153	0.791242	0	0.000166153	-1	0	0	0	0	1	
1	0	0	0.554025	0	-1	-0.000197735	0.791242	0	0.000197735	-1	0	0	0	0	1	
1	0	0	0.554024	0	-1	-0.000232064	0.791243	0	0.000232064	-1	0	0	0	0	1	
1	0	0	0.554023	0	-1	-0.00026914	0.791243	0	0.00026914	-1	0	0	0	0	1	
1	0	0	0.554022	0	-1	-0.000308961	0.791244	0	0.000308961	-1	0	0	0	0	1	
1	0	0	0.55402	0	-1	-0.000351529	0.791244	0	0.000351529	-1	0	0	0	0	1	
1	0	0	0.554019	0	-1	-0.000396844	0.791245	0	0.000396844	-1	0	0	0	0	1	
1	0	0	0.554017	0	-1	-0.000444904	0.791245	0	0.000444904	-1	0	0	0	0	1	
1	0	0	0.554015	0	-1	-0.000495711	0.791246	0	0.000495711	-1	0	0	0	0	1	
1	0	0	0.554013	0	-1	-0.000549265	0.791247	0	0.000549265	-1	0	0	0	0	1	
1	0	0	0.554011	0	-1	-0.000605564	0.791247	0	0.000605564	-1	0	0	0	0	1	
1	0	0	0.554009	0	-1	-0.00066461	0.791248	0	0.00066461	-1	0	0	0	0	1	
1	0	0	0.554007	0	-1	-0.000726402	0.791249	0	0.000726402	-1	0	0	0	0	1	
1	0	0	0.554005	0	-1	-0.000790941	0.79125	0	0.000790941	-1	0	0	0	0	1	
1	0	0	0.554003	0	-1	-0.000858226	0.79125	0	0.000858226	-1	0	0	0	0	1	
1	0	0	0.554	0	-1	-0.000928257	0.791251	0	0.000928257	-1	0	0	0	0	1	
1	0	0	0.553998	0	-0.999999	-0.00100103	0.791252	0	0.00100103	-0.999999	0	0	0	0	1	
1	0	0	0.553995	0	-0.999999	-0.00107656	0.791253	0	0.00107656	-0.999999	0	0	0	0	1	
1	0	0	0.553993	0	-0.999999	-0.00115483	0.791254	0	0.00115483	-0.999999	0	0	0	0	1	
1	0	0	0.55399	0	-0.999999	-0.00123585	0.791255	0	0.00123585	-0.999999	0	0	0	0	1	
1	0	0	0.553987	0	-0.999999	-0.00131961	0.791256	0	0.00131961	-0.999999	0	0	0	0	1	
1	0	0	0.553984	0	-0.999999	-0.00140612	0.791257	0	0.00140612	-0.999999	0	0	0	0	1	
1	0	0	0.553981	0	-0.999999	-0.00149537	0.791258	0	0.00149537	-0.999999	0	0	0	0	1	
1	0	0	0.553978	0	-0.999999	-0.00158737	0.791259	0	0.00158737	-0.999999	0	0	0	0	1	
1	0	0	0.553974	0	-0.999999	-0.00168212	0.79126	0	0.00168212	-0.999999	0	0	0	0	1	
1	0	0	0.553971	0	-0.999998	-0.00177962	0.791261	0	0.00177962	-0.999998	0	0	0	0	1	
1	0	0	0.553968	0	-0.999998	-0.00187986	0.791263	0	0.00187986	-0.999998	0	0	0	0	1	
1	0	0	0.553964	0	-0.999998	-0.00198284	0.791264	0	0.00198284	-0.999998	0	0	0	0	1	
1	0	0	0.55396	0	-0.999998	-0.00208858	0.791265	0	0.00208858	-0.999998	0	0	0	0	1	
1	0	0	0.553957	0	-0.999998	-0.00219706	0.791266	0	0.00219706	-0.999998	0	0	0	0	1	
1	0	0	0.553953	0	-0.999997	-0.00230828	0.791268	0	0.00230828	-0.999997	0	0	0	0	1	
1	0	0	0.553949	0	-0.999997	-0.00242225	0.791269	0	0.00242225	-0.999997	0	0	0	0	1	
1	0	0	0.553945	0	-0.999997	-0.00253897	0.79127	0	0.00253897	-0.999997	0	0	0	0	1	
1	0	0	0.553941	0	-0.999996	-0.00265844	0.791272	0	0.00265844	-0.999996	0	0	0	0	1	
1	0	0	0.553937	0	-0.999996	-0.00278065	0.791273	0	0.00278065	-0.999996	0	0	0	0	1	
1	0	0	0.553932	0	-0.999996	-0.00290561	0.791275	0	0.00290561	-0.999996	0	0	0	0	1	
1	0	0	0.553928	0	-0.999995	-0.00303331	0.791276	0	0.00303331	-0.999995	0	0	0	0	1	
1	0	0	0.553923	0	-0.999995	-0.00316376	0.791278	0	0.00316376	-0.999995	0	0	0	0	1	
1	0	0	0.553919	0	-0.999995	-0.00329695	0.791279	0	0.00329695	-0.999995	0	0	0	0	1	
1	0	0	0.553914	0	-0.999994	-0.0034329	0.791281	0	0.0034329	-0.999994	0	0	0	0	1	
1	0	0	0.553909	0	-0.999994	-0.00357159	0.791283	0	0.00357159	-0.999994	0	0	0	0	1	
1	0	0	0.553905	0	-0.999993	-0.00371302	0.791284	0	0.00371302	-0.999993	0	0	0	0	1	
1	0	0	0.5539	0	-0.999993	-0.0038572	0.791286	0	0.0038572	-0.999993	0	0	0	0	1	
1	0	0	0.553895	0	-0.999992	-0.00400413	0.791288	0	0.00400413	-0.999992	0	0	0	0	1	
1	0	0	0.553889	0	-0.999991	-0.0041538	0.79129	0	0.0041538	-0.999991	0	0	0	0	1	
1	0	0	0.553884	0	-0.999991	-0.00430622	0.791292	0	0.00430622	-0.999991	0	0	0	0	1	
1	0	0	0.553879	0	-0.99999	-0.00446139	0.791293	0	0.00446139	-0.99999	0	0	0	0	1	
1	0	0	0.553873	0	-0.999989	-0.0046193	0.791295	0	0.0046193	-0.999989	0	0	0	0	1	
1	0	0	0.553868	0	-0.999989	-0.00477996	0.791297	0	0.00477996	-0.999989	0	0	0	0	1	
1	0	0	0.553862	0	-0.999988	-0.00494336	0.791299	0	0.00494336	-0.999988	0	0	0	0	1	
1	0	0	0.553857	0	-0.999987	-0.00510951	0.791301	0	0.00510951	-0.999987	0	0	0	0	1	
1	0	0	0.553851	0	-0.999986	-0.00527841	0.791303	0	0.00527841	-0.999986	0	0	0	0	1	
1	0	0	0.553845	0	-0.999985	-0.00545005	0.791305	0	0.00545005	-0.999985	0	0	0	0	1	
1	0	0	0.553839	0	-0.999984	-0.00562444	0.791307	0	0.00562444	-0.999984	0	0	0	0	1	
1	0	0	0.553833	0	-0.999983	-0.00580157	0.791309	0	0.00580157	-0.999983	0	0	0	0	1	
1	0	0	0.553827	0	-0.999982	-0.00598146	0.791312	0	0.00598146	-0.999982	0	0	0	0	1	
1	0	0	0.55382	0	-0.999981	-0.00616408	0.791314	0	0.00616408	-0.999981	0	0	0	0	1	
1	0	0	0.553814	0	-0.99998	-0.00634946	0.791316	0	0.00634946	-0.99998	0	0	0	0	1	
1	0	0	0.553807	0	-0.999979	-0.00653758	0.791318	0	0.00653758	-0.999979	0	0	0	0	1	
1	0	0	0.553801	0	-0.999977	-0.00672844	0.79132	0	0.00672844	-0.999977	0	0	0	0	1	
1	0	0	0.553794	0	-0.999976	-0.00692205	0.791323	0	0.00692205	-0.999976	0	0	0	0	1	
1	0	0	0.553787	0	-0.999975	-0.00711841	0.791325	0	0.00711841	-0.999975	0	0	0	0	1	
1	0	0	0.553781	0	-0.999973	-0.00731751	0.791328	0	0.00731751	-0.999973	0	0	0	0	1	
1	0	0	0.553774	0	-0.999972	-0.00751936	0.79133	0	0.00751936	-0.999972	0	0	0	0	1	
1	0	0	0.553767	0	-0.99997	-0.00772396	0.791332	0	0.00772396	-0.99997	0	0	0	0	1	
1	0	0	0.553759	0	-0.999969	-0.0079313	0.791335	0	0.0079313	-0.999969	0	0	0	0	1	
1	0	0	0.553752	0	-0.999967	-0.00814138	0.791337	0	0.00814138	-0.999967	0	0	0	0	1	
1	0	0	0.553745	0	-0.999965	-0.00835422	0.79134	0	0.00835422	-0.999965	0	0	0	0	1	
1	0	0	0.553738	0	-0.999963	-0.0085698	0.791342	0	0.0085698	-0.999963	0	0	0	0	1	
1	0	0	0.55373	0	-0.999961	-0.00878812	0.791345	0	0.00878812	-0.999961	0	0	0	0	1	
1	0	0	0.553722	0	-0.999959	-0.00900919	0.791348	0	0.00900919	-0.999959	0	0	0	0	1	
1	0	0	0.553715	0	-0.999957	-0.00923301	0.79135	0	0.00923301	-0.999957	0	0	0	0	1	
1	0	0	0.553707	0	-0.999955	-0.00945957	0.791353	0	0.00945957	-0.999955	0	0	0	0	1	
1	0	0	0.553699	0	-0.999953	-0.00968888	0.791356	0	0.00968888	-0.999953	0	0	0	0	1	
1	0	0	0.553691	0	-0.999951	-0.00992093	0.791359	0	0.00992093	-0.999951	0	0	0	0	1	
1	0	0	0.553683	0	-0.999948	-0.0101557	0.791361	0	0.0101557	-0.999948	0	0	0	0	1	
1	0	0	0.553675	0	-0.999946	-0.0103933	0.791364	0	0.0103933	-0.999946	0	0	0	0	1	
1	0	0	0.553667	0	-0.999943	-0.0106336	0.791367	0	0.0106336	-0.999943	0	0	0	0	1	
1	0	0	0.553658	0	-0.999941	-0.0108766	0.79137	0	0.0108766	-0.999941	0	0	0	0	1	
1	0	0	0.55365	0	-0.999938	-0.0111224	0.791373	0	0.0111224	-0.999938	0	0	0	0	1	
1	0	0	0.553641	0	-0.999935	-0.0113709	0.791376	0	0.0113709	-0.999935	0	0	0	0	1	
1	0	0	0.553633	0	-0.999932	-0.0116222	0.791379	0	0.0116222	-0.999932	0	0	0	0	1	
1	0	0	0.553624	0	-0.999929	-0.0118762	0.791382	0	0.0118762	-0.999929	0	0	0	0	1	
1	0	0	0.553615	0	-0.999926	-0.012133	0.791385	0	0.012133	-0.999926	0	0	0	0	1	
1	0	0	0.553606	0	-0.999923	-0.0123925	0.791388	0	0.0123925	-0.999923	0	0	0	0	1	
1	0	0	0.553597	0	-0.99992	-0.0126547	0.791391	0	0.0126547	-0.99992	0	0	0	0	1	
1	0	0	0.553588	0	-0.999917	-0.0129197	0.791394	0	0.0129197	-0.999917	0	0	0	0	1	
1	0	0	0.553579	0	-0.999913	-0.0131875	0.791398	0	0.0131875	-0.999913	0	0	0	0	1	
1	0	0	0.553569	0	-0.999909	-0.013458	0.791401	0	0.013458	-0.999909	0	0	0	0	1	
1	0	0	0.55356	0	-0.999906	-0.0137312	0.791404	0	0.0137312	-0.999906	0	0	0	0	1	
1	0	0	0.55355	0	-0.999902	-0.0140072	0.791407	0	0.0140072	-0.999902	0	0	0	0	1	
1	0	0	0.553541	0	-0.999898	-0.0142859	0.791411	0	0.0142859	-0.999898	0	0	0	0	1	
1	0	0	0.553531	0	-0.999894	-0.0145674	0.791414	0	0.0145674	-0.999894	0	0	0	0	1	
1	0	0	0.553521	0	-0.99989	-0.0148516	0.791417	0	0.0148516	-0.99989	0	0	0	0	1	
1	0	0	0.553512	0	-0.999885	-0.0151385	0.791421	0	0.0151385	-0.999885	0	0	0	0	1	
1	0	0	0.553502	0	-0.999881	-0.0154282	0.791424	0	0.0154282	-0.999881	0	0	0	0	1	
1	0	0	0.553492	0	-0.999876	-0.0157207	0.791428	0	0.0157207	-0.999876	0	0	0	0	1	
1	0	0	0.553481	0	-0.999872	-0.0160159	0.791431	0	0.0160159	-0.999872	0	0	0	0	1	
1	0	0	0.553471	0	-0.999867	-0.0163138	0.791435	0	0.0163138	-0.999867	0	0	0	0	1	
1	0	0	0.553461	0	-0.999862	-0.0166145	0.791439	0	0.0166145	-0.999862	0	0	0	0	1	
1	0	0	0.55345	0	-0.999857	-0.0169179	0.791442	0	0.0169179	-0.999857	0	0	0	0	1	
1	0	0	0.55344	0	-0.999852	-0.0172241	0.791446	0	0.0172241	-0.999852	0	0	0	0	1	
1	0	0	0.553429	0	-0.999846	-0.017533	0.79145	0	0.017533	-0.999846	0	0	0	0	1	
1	0	0	0.553418	0	-0.999841	-0.0178447	0.791453	0	0.0178447	-0.999841	0	0	0	0	1	
1	0	0	0.553408	0	-0.999835	-0.0181591	0.791457	0	0.0181591	-0.999835	0	0	0	0	1	
1	0	0	0.553397	0	-0.999829	-0.0184762	0.791461	0	0.0184762	-0.999829	0	0	0	0	1	
1	0	0	0.553386	0	-0.999823	-0.0187961	0.791465	0	0.0187961	-0.999823	0	0	0	0	1	
1	0	0	0.553375	0	-0.999817	-0.0191187	0.791468	0	0.0191187	-0.999817	0	0	0	0	1	
1	0	0	0.553363	0	-0.999811	-0.0194441	0.791472	0	0.0194441	-0.999811	0	0	0	0	1	
1	0	0	0.553352	0	-0.999805	-0.0197722	0.791476	0	0.0197722	-0.999805	0	0	0	0	1	
1	0	0	0.553341	0	-0.999798	-0.0201031	0.79148	0	0.0201031	-0.999798	0	0	0	0	1	
1	0	0	0.553329	0	-0.999791	-0.0204367	0.791484	0	0.0204367	-0.999791	0	0	0	0	1	
1	0	0	0.553318	0	-0.999784	-0.0207731	0.791488	0	0.0207731	-0.999784	0	0	0	0	1	
1	0	0	0.553306	0	-0.999777	-0.0211122	0.791492	0	0.0211122	-0.999777	0	0	0	0	1	
1	0	0	0.553294	0	-0.99977	-0.021454	0.791496	0	0.021454	-0.99977	0	0	0	0	1	
1	0	0	0.553282	0	-0.999762	-0.0217986	0.7915	0	0.0217986	-0.999762	0	0	0	0	1	
1	0	0	0.55327	0	-0.999755	-0.0221459	0.791505	0	0.0221459	-0.999755	0	0	0	0	1	
1	0	0	0.553258	0	-0.999747	-0.022496	0.791509	0	0.022496	-0.999747	0	0	0	0	1	
1	0	0	0.553246	0	-0.999739	-0.0228488	0.791513	0	0.0228488	-0.999739	0	0	0	0	1	
1	0	0	0.553234	0	-0.999731	-0.0232043	0.791517	0	0.0232043	-0.999731	0	0	0	0	1	
1	0	0	0.553222	0	-0.999722	-0.0235626	0.791522	0	0.0235626	-0.999722	0	0	0	0	1	
1	0	0	0.553209	0	-0.999714	-0.0239237	0.791526	0	0.0239237	-0.999714	0	0	0	0	1	
1	0	0	0.553197	0	-0.999705	-0.0242875	0.79153	0	0.0242875	-0.999705	0	0	0	0	1	
1	0	0	0.553184	0	-0.999696	-0.024654	0.791535	0	0.024654	-0.999696	0	0	0	0	1	
1	0	0	0.553171	0	-0.999687	-0.0250233	0.791539	0	0.0250233	-0.999687	0	0	0	0	1	
1	0	0	0.553159	0	-0.999677	-0.0253953	0.791543	0	0.0253953	-0.999677	0	0	0	0	1	
1	0	0	0.553146	0	-0.999668	-0.02577	0.791548	0	0.02577	-0.999668	0	0	0	0	1	
1	0	0	0.553133	0	-0.999658	-0.0261475	0.791552	0	0.0261475	-0.999658	0	0	0	0	1	
1	0	0	0.55312	0	-0.999648	-0.0265277	0.791557	0	0.0265277	-0.999648	0	0	0	0	1	
1	0	0	0.553107	0	-0.999638	-0.0269107	0.791562	0	0.0269107	-0.999638	0	0	0	0	1	
1	0	0	0.553093	0	-0.999627	-0.0272964	0.791566	0	0.0272964	-0.999627	0	0	0	0	1	
1	0	0	0.55308	0	-0.999617	-0.0276849	0.791571	0	0.0276849	-0.999617	0	0	0	0	1	
1	0	0	0.553066	0	-0.999606	-0.0280761	0.791575	0	0.0280761	-0.999606	0	0	0	0	1	
1	0	0	0.553053	0	-0.999595	-0.02847	0.79158	0	0.02847	-0.999595	0	0	0	0	1	
1	0	0	0.553039	0	-0.999583	-0.0288667	0.791585	0	0.0288667	-0.999583	0	0	0	0	1	
1	0	0	0.553025	0	-0.999572	-0.0292661	0.79159	0	0.0292661	-0.999572	0	0	0	0	1	
1	0	0	0.553012	0	-0.99956	-0.0296683	0.791594	0	0.0296683	-0.99956	0	0	0	0	1	
1	0	0	0.552998	0	-0.999548	-0.0300732	0.791599	0	0.0300732	-0.999548	0	0	0	0	1	
1	0	0	0.552984	0	-0.999535	-0.0304808	0.791604	0	0.0304808	-0.999535	0	0	0	0	1	
1	0	0	0.55297	0	-0.999523	-0.0308912	0.791609	0	0.0308912	-0.999523	0	0	0	0	1	
1	0	0	0.552955	0	-0.99951	-0.0313043	0.791614	0	0.0313043	-0.99951	0	0	0	0	1	
1	0	0	0.552941	0	-0.999497	-0.0317202	0.791619	0	0.0317202	-0.999497	0	0	0	0	1	
1	0	0	0.552927	0	-0.999483	-0.0321388	0.791624	0	0.0321388	-0.999483	0	0	0	0	1	
1	0	0	0.552912	0	-0.99947	-0.0325601	0.791629	0	0.0325601	-0.99947	0	0	0	0	1	
1	0	0	0.552897	0	-0.999456	-0.0329842	0.791634	0	0.0329842	-0.999456	0	0	0	0	1	
1	0	0	0.552883	0	-0.999442	-0.033411	0.791639	0	0.033411	-0.999442	0	0	0	0	1	
1	0	0	0.552868	0	-0.999427	-0.0338406	0.791644	0	0.0338406	-0.999427	0	0	0	0	1	
1	0	0	0.552853	0	-0.999413	-0.0342729	0.79165	0	0.0342729	-0.999413	0	0	0	0	1	
1	0	0	0.552838	0	-0.999397	-0.0347079	0.791655	0	0.0347079	-0.999397	0	0	0	0	1	
1	0	0	0.552823	0	-0.999382	-0.0351457	0.79166	0	0.0351457	-0.999382	0	0	0	0	1	
1	0	0	0.552808	0	-0.999367	-0.0355862	0.791665	0	0.0355862	-0.999367	0	0	0	0	1	
1	0	0	0.552793	0	-0.999351	-0.0360295	0.791671	0	0.0360295	-0.999351	0	0	0	0	1	
1	0	0	0.552777	0	-0.999335	-0.0364754	0.791676	0	0.0364754	-0.999335	0	0	0	0	1	
1	0	0	0.552762	0	-0.999318	-0.0369242	0.791681	0	0.0369242	-0.999318	0	0	0	0	1	
1	0	0	0.552746	0	-0.999301	-0.0373756	0.791687	0	0.0373756	-0.999301	0	0	0	0	1	
1	0	0	0.552731	0	-0.999284	-0.0378298	0.791692	0	0.0378298	-0.999284	0	0	0	0	1	
1	0	0	0.552715	0	-0.999267	-0.0382867	0.791697	0	0.0382867	-0.999267	0	0	0	0	1	
1	0	0	0.552699	0	-0.999249	-0.0387464	0.791703	0	0.0387464	-0.999249	0	0	0	0	1	
1	0	0	0.552683	0	-0.999231	-0.0392088	0.791709	0	0.0392088	-0.999231	0	0	0	0	1	
1	0	0	0.552667	0	-0.999213	-0.039674	0.791714	0	0.039674	-0.999213	0	0	0	0	1	
1	0	0	0.552651	0	-0.999194	-0.0401418	0.79172	0	0.0401418	-0.999194	0	0	0	0	1	
1	0	0	0.552635	0	-0.999175	-0.0406124	0.791725	0	0.0406124	-0.999175	0	0	0	0	1	
1	0	0	0.552619	0	-0.999156	-0.0410858	0.791731	0	0.0410858	-0.999156	0	0	0	0	1	
1	0	0	0.552602	0	-0.999136	-0.0415619	0.791737	0	0.0415619	-0.999136	0	0	0	0	1	
1	0	0	0.552586	0	-0.999116	-0.0420407	0.791742	0	0.0420407	-0.999116	0	0	0	0	1	
1	0	0	0.552569	0	-0.999096	-0.0425222	0.791748	0	0.0425222	-0.999096	0	0	0	0	1	
1	0	0	0.552552	0	-0.999075	-0.0430065	0.791754	0	0.0430065	-0.999075	0	0	0	0	1	
1	0	0	0.552536	0	-0.999054	-0.0434935	0.79176	0	0.0434935	-0.999054	0	0	0	0	1	
1	0	0	0.552519	0	-0.999032	-0.0439833	0.791766	0	0.0439833	-0.999032	0	0	0	0	1	
1	0	0	0.552502	0	-0.99901	-0.0444758	0.791771	0	0.0444758	-0.99901	0	0	0	0	1	
1	0	0	0.552485	0	-0.998988	-0.044971	0.791777	0	0.044971	-0.998988	0	0	0	0	1	
1	0	0	0.552468	0	-0.998966	-0.0454689	0.791783	0	0.0454689	-0.998966	0	0	0	0	1	
1	0	0	0.55245	0	-0.998943	-0.0459696	0.791789	0	0.0459696	-0.998943	0	0	0	0	1	
1	0	0	0.552433	0	-0.99892	-0.046473	0.791795	0	0.046473	-0.99892	0	0	0	0	1	
1	0	0	0.552416	0	-0.998896	-0.0469792	0.791801	0	0.0469792	-0.998896	0	0	0	0	1	
1	0	0	0.552398	0	-0.998872	-0.047488	0.791807	0	0.047488	-0.998872	0	0	0	0	1	
1	0	0	0.552381	0	-0.998847	-0.0479996	0.791814	0	0.0479996	-0.998847	0	0	0	0	1	
1	0	0	0.552363	0	-0.998823	-0.048514	0.79182	0	0.048514	-0.998823	0	0	0	0	1	
1	0	0	0.552345	0	-0.998797	-0.049031	0.791826	0	0.049031	-0.998797	0	0	0	0	1	
1	0	0	0.552327	0	-0.998772	-0.0495508	0.791832	0	0.0495508	-0.998772	0	0	0	0	1	
1	0	0	0.552309	0	-0.998746	-0.0500734	0.791838	0	0.0500734	-0.998746	0	0	0	0	1	
1	0	0	0.552291	0	-0.998719	-0.0505986	0.791845	0	0.0505986	-0.998719	0	0	0	0	1	
1	0	0	0.552273	0	-0.998692	-0.0511266	0.791851	0	0.0511266	-0.998692	0	0	0	0	1	
1	0	0	0.552255	0	-0.998665	-0.0516573	0.791857	0	0.0516573	-0.998665	0	0	0	0	1	
1	0	0	0.552236	0	-0.998637	-0.0521907	0.791864	0	0.0521907	-0.998637	0	0	0	0	1	
1	0	0	0.552218	0	-0.998609	-0.0527269	0.79187	0	0.0527269	-0.998609	0	0	0	0	1	
1	0	0	0.552199	0	-0.99858	-0.0532658	0.791877	0	0.0532658	-0.99858	0	0	0	0	1	
1	0	0	0.552181	0	-0.998551	-0.0538074	0.791883	0	0.0538074	-0.998551	0	0	0	0	1	
1	0	0	0.552162	0	-0.998522	-0.0543518	0.79189	0	0.0543518	-0.998522	0	0	0	0	1	
1	0	0	0.552143	0	-0.998492	-0.0548988	0.791896	0	0.0548988	-0.998492	0	0	0	0	1	
1	0	0	0.552124	0	-0.998462	-0.0554486	0.791903	0	0.0554486	-0.998462	0	0	0	0	1	
1	0	0	0.552105	0	-0.998431	-0.0560012	0.791909	0	0.0560012	-0.998431	0	0	0	0	1	
1	0	0	0.552086	0	-0.998399	-0.0565564	0.791916	0	0.0565564	-0.998399	0	0	0	0	1	
1	0	0	0.552067	0	-0.998368	-0.0571144	0.791923	0	0.0571144	-0.998368	0	0	0	0	1	
1	0	0	0.552047	0	-0.998335	-0.0576751	0.791929	0	0.0576751	-0.998335	0	0	0	0	1	
1	0	0	0.552028	0	-0.998303	-0.0582385	0.791936	0	0.0582385	-0.998303	0	0	0	0	1	
1	0	0	0.552008	0	-0.99827	-0.0588047	0.791943	0	0.0588047	-0.99827	0	0	0	0	1	
1	0	0	0.551989	0	-0.998236	-0.0593735	0.79195	0	0.0593735	-0.998236	0	0	0	0	1	
1	0	0	0.551969	0	-0.998202	-0.0599451	0.791956	0	0.0599451	-0.998202	0	0	0	0	1	
1	0	0	0.551949	0	-0.998167	-0.0605194	0.791963	0	0.0605194	-0.998167	0	0	0	0	1	
1	0	0	0.551929	0	-0.998132	-0.0610965	0.79197	0	0.0610965	-0.998132	0	0	0	0	1	
1	0	0	0.551909	0	-0.998096	-0.0616762	0.791977	0	0.0616762	-0.998096	0	0	0	0	1	
1	0	0	0.551889	0	-0.99806	-0.0622587	0.791984	0	0.0622587	-0.99806	0	0	0	0	1	
1	0	0	0.551869	0	-0.998023	-0.0628439	0.791991	0	0.0628439	-0.998023	0	0	0	0	1	
1	0	0	0.551849	0	-0.997986	-0.0634318	0.791998	0	0.0634318	-0.997986	0	0	0	0	1	
1	0	0	0.551829	0	-0.997948	-0.0640224	0.792005	0	0.0640224	-0.997948	0	0	0	0	1	
1	0	0	0.551808	0	-0.99791	-0.0646158	0.792012	0	0.0646158	-0.99791	0	0	0	0	1	
1	0	0	0.551788	0	-0.997871	-0.0652118	0.792019	0	0.0652118	-0.997871	0	0	0	0	1	
1	0	0	0.551767	0	-0.997832	-0.0658106	0.792027	0	0.0658106	-0.997832	0	0	0	0	1	
1	0	0	0.551746	0	-0.997792	-0.0664121	0.792034	0	0.0664121	-0.997792	0	0	0	0	1	
1	0	0	0.551725	0	-0.997752	-0.0670163	0.792041	0	0.0670163	-0.997752	0	0	0	0	1	
1	0	0	0.551704	0	-0.997711	-0.0676232	0.792048	0	0.0676232	-0.997711	0	0	0	0	1	
1	0	0	0.551683	0	-0.997669	-0.0682329	0.792056	0	0.0682329	-0.997669	0	0	0	0	1	
1	0	0	0.551662	0	-0.997627	-0.0688453	0.792063	0	0.0688453	-0.997627	0	0	0	0	1	
1	0	0	0.551641	0	-0.997585	-0.0694603	0.79207	0	0.0694603	-0.997585	0	0	0	0	1	
1	0	0	0.55162	0	-0.997542	-0.0700781	0.792078	0	0.0700781	-0.997542	0	0	0	0	1	
1	0	0	0.551598	0	-0.997498	-0.0706986	0.792085	0	0.0706986	-0.997498	0	0	0	0	1	
1	0	0	0.551577	0	-0.997453	-0.0713218	0.792093	0	0.0713218	-0.997453	0	0	0	0	1	
1	0	0	0.551555	0	-0.997408	-0.0719477	0.7921	0	0.0719477	-0.997408	0	0	0	0	1	
1	0	0	0.551534	0	-0.997363	-0.0725764	0.792108	0	0.0725764	-0.997363	0	0	0	0	1	
1	0	0	0.551512	0	-0.997317	-0.0732077	0.792115	0	0.0732077	-0.997317	0	0	0	0	1	
1	0	0	0.55149	0	-0.99727	-0.0738418	0.792123	0	0.0738418	-0.99727	0	0	0	0	1	
1	0	0	0.551468	0	-0.997223	-0.0744785	0.79213	0	0.0744785	-0.997223	0	0	0	0	1	
1	0	0	0.551446	0	-0.997175	-0.075118	0.792138	0	0.075118	-0.997175	0	0	0	0	1	
1	0	0	0.551424	0	-0.997126	-0.0757602	0.792146	0	0.0757602	-0.997126	0	0	0	0	1	
1	0	0	0.551402	0	-0.997077	-0.0764051	0.792154	0	0.0764051	-0.997077	0	0	0	0	1	
1	0	0	0.551379	0	-0.997027	-0.0770527	0.792161	0	0.0770527	-0.997027	0	0	0	0	1	
1	0	0	0.551357	0	-0.996977	-0.077703	0.792169	0	0.077703	-0.996977	0	0	0	0	1	
1	0	0	0.551334	0	-0.996925	-0.078356	0.792177	0	0.078356	-0.996925	0	0	0	0	1	
1	0	0	0.551312	0	-0.996874	-0.0790117	0.792185	0	0.0790117	-0.996874	0	0	0	0	1	
1	0	0	0.551289	0	-0.996821	-0.0796701	0.792193	0	0.0796701	-0.996821	0	0	0	0	1	
1	0	0	0.551266	0	-0.996768	-0.0803312	0.792201	0	0.0803312	-0.996768	0	0	0	0	1	
1	0	0	0.551243	0	-0.996715	-0.080995	0.792208	0	0.080995	-0.996715	0	0	0	0	1	
1	0	0	0.55122	0	-0.99666	-0.0816615	0.792216	0	0.0816615	-0.99666	0	0	0	0	1	
1	0	0	0.551197	0	-0.996605	-0.0823307	0.792225	0	0.0823307	-0.996605	0	0	0	0	1	
1	0	0	0.551174	0	-0.996549	-0.0830026	0.792233	0	0.0830026	-0.996549	0	0	0	0	1	
1	0	0	0.551151	0	-0.996493	-0.0836773	0.792241	0	0.0836773	-0.996493	0	0	0	0	1	
1	0	0	0.551127	0	-0.996436	-0.0843546	0.792249	0	0.0843546	-0.996436	0	0	0	0	1	
1	0	0	0.551104	0	-0.996378	-0.0850346	0.792257	0	0.0850346	-0.996378	0	0	0	0	1	
1	0	0	0.55108	0	-0.99632	-0.0857173	0.792265	0	0.0857173	-0.99632	0	0	0	0	1	
1	0	0	0.551056	0	-0.99626	-0.0864027	0.792273	0	0.0864027	-0.99626	0	0	0	0	1	
1	0	0	0.551033	0	-0.9962	-0.0870908	0.792282	0	0.0870908	-0.9962	0	0	0	0	1	
1	0	0	0.551009	0	-0.99614	-0.0877816	0.79229	0	0.0877816	-0.99614	0	0	0	0	1	
1	0	0	0.550985	0	-0.996078	-0.0884751	0.792298	0	0.0884751	-0.996078	0	0	0	0	1	
1	0	0	0.550961	0	-0.996016	-0.0891712	0.792307	0	0.0891712	-0.996016	0	0	0	0	1	
1	0	0	0.550937	0	-0.995953	-0.0898701	0.792315	0	0.0898701	-0.995953	0	0	0	0	1	
1	0	0	0.550913	0	-0.99589	-0.0905717	0.792323	0	0.0905717	-0.99589	0	0	0	0	1	
1	0	0	0.550888	0	-0.995826	-0.0912759	0.792332	0	0.0912759	-0.995826	0	0	0	0	1	
1	0	0	0.550864	0	-0.995761	-0.0919828	0.79234	0	0.0919828	-0.995761	0	0	0	0	1	
1	0	0	0.550839	0	-0.995695	-0.0926925	0.792349	0	0.0926925	-0.995695	0	0	0	0	1	
1	0	0	0.550815	0	-0.995628	-0.0934048	0.792357	0	0.0934048	-0.995628	0	0	0	0	1	
1	0	0	0.55079	0	-0.995561	-0.0941198	0.792366	0	0.0941198	-0.995561	0	0	0	0	1	
1	0	0	0.550765	0	-0.995493	-0.0948375	0.792374	0	0.0948375	-0.995493	0	0	0	0	1	
1	0	0	0.55074	0	-0.995424	-0.0955578	0.792383	0	0.0955578	-0.995424	0	0	0	0	1	
1	0	0	0.550715	0	-0.995354	-0.0962809	0.792392	0	0.0962809	-0.995354	0	0	0	0	1	
1	0	0	0.55069	0	-0.995284	-0.0970066	0.7924	0	0.0970066	-0.995284	0	0	0	0	1	
1	0	0	0.550665	0	-0.995212	-0.097735	0.792409	0	0.097735	-0.995212	0	0	0	0	1	
1	0	0	0.55064	0	-0.99514	-0.0984661	0.792418	0	0.0984661	-0.99514	0	0	0	0	1	
1	0	0	0.550614	0	-0.995068	-0.0991999	0.792427	0	0.0991999	-0.995068	0	0	0	0	1	
1	0	0	0.550589	0	-0.994994	-0.0999364	0.792436	0	0.0999364	-0.994994	0	0	0	0	1	
1	0	0	0.550563	0	-0.994919	-0.100676	0.792445	0	0.100676	-0.994919	0	0	0	0	1	
1	0	0	0.550538	0	-0.994844	-0.101417	0.792453	0	0.101417	-0.994844	0	0	0	0	1	
1	0	0	0.550512	0	-0.994768	-0.102162	0.792462	0	0.102162	-0.994768	0	0	0	0	1	
1	0	0	0.550486	0	-0.994691	-0.102909	0.792471	0	0.102909	-0.994691	0	0	0	0	1	
1	0	0	0.55046	0	-0.994613	-0.103659	0.79248	0	0.103659	-0.994613	0	0	0	0	1	
1	0	0	0.550434	0	-0.994534	-0.104411	0.792489	0	0.104411	-0.994534	0	0	0	0	1	
1	0	0	0.550408	0	-0.994455	-0.105166	0.792498	0	0.105166	-0.994455	0	0	0	0	1	
1	0	0	0.550382	0	-0.994374	-0.105924	0.792508	0	0.105924	-0.994374	0	0	0	0	1	
1	0	0	0.550356	0	-0.994293	-0.106685	0.792517	0	0.106685	-0.994293	0	0	0	0	1	
1	0	0	0.550329	0	-0.994211	-0.107448	0.792526	0	0.107448	-0.994211	0	0	0	0	1	
1	0	0	0.550303	0	-0.994128	-0.108214	0.792535	0	0.108214	-0.994128	0	0	0	0	1	
1	0	0	0.550276	0	-0.994044	-0.108982	0.792544	0	0.108982	-0.994044	0	0	0	0	1	
1	0	0	0.550249	0	-0.993959	-0.109754	0.792554	0	0.109754	-0.993959	0	0	0	0	1	
1	0	0	0.550223	0	-0.993873	-0.110527	0.792563	0	0.110527	-0.993873	0	0	0	0	1	
1	0	0	0.550196	0	-0.993786	-0.111304	0.792572	0	0.111304	-0.993786	0	0	0	0	1	
1	0	0	0.550169	0	-0.993699	-0.112083	0.792582	0	0.112083	-0.993699	0	0	0	0	1	
1	0	0	0.550142	0	-0.99361	-0.112865	0.792591	0	0.112865	-0.99361	0	0	0	0	1	
1	0	0	0.550115	0	-0.993521	-0.113649	0.7926	0	0.113649	-0.993521	0	0	0	0	1	
1	0	0	0.550087	0	-0.993431	-0.114437	0.79261	0	0.114437	-0.993431	0	0	0	0	1	
1	0	0	0.55006	0	-0.993339	-0.115226	0.792619	0	0.115226	-0.993339	0	0	0	0	1	
1	0	0	0.550032	0	-0.993247	-0.116019	0.792629	0	0.116019	-0.993247	0	0	0	0	1	
1	0	0	0.550005	0	-0.993154	-0.116814	0.792638	0	0.116814	-0.993154	0	0	0	0	1	
1	0	0	0.549977	0	-0.99306	-0.117612	0.792648	0	0.117612	-0.99306	0	0	0	0	1	
1	0	0	0.54995	0	-0.992965	-0.118412	0.792658	0	0.118412	-0.992965	0	0	0	0	1	
1	0	0	0.549922	0	-0.992868	-0.119215	0.792667	0	0.119215	-0.992868	0	0	0	0	1	
1	0	0	0.549894	0	-0.992771	-0.120021	0.792677	0	0.120021	-0.992771	0	0	0	0	1	
1	0	0	0.549866	0	-0.992673	-0.120829	0.792687	0	0.120829	-0.992673	0	0	0	0	1	
1	0	0	0.549838	0	-0.992574	-0.12164	0.792696	0	0.12164	-0.992574	0	0	0	0	1	
1	0	0	0.54981	0	-0.992474	-0.122454	0.792706	0	0.122454	-0.992474	0	0	0	0	1	
1	0	0	0.549781	0	-0.992373	-0.12327	0.792716	0	0.12327	-0.992373	0	0	0	0	1	
1	0	0	0.549753	0	-0.992271	-0.124089	0.792726	0	0.124089	-0.992271	0	0	0	0	1	
1	0	0	0.549724	0	-0.992168	-0.124911	0.792736	0	0.124911	-0.992168	0	0	0	0	1	
1	0	0	0.549696	0	-0.992064	-0.125735	0.792746	0	0.125735	-0.992064	0	0	0	0	1	
1	0	0	0.549667	0	-0.991959	-0.126562	0.792756	0	0.126562	-0.991959	0	0	0	0	1	
1	0	0	0.549638	0	-0.991853	-0.127391	0.792766	0	0.127391	-0.991853	0	0	0	0	1	
1	0	0	0.549609	0	-0.991745	-0.128223	0.792776	0	0.128223	-0.991745	0	0	0	0	1	
1	0	0	0.549581	0	-0.991637	-0.129058	0.792786	0	0.129058	-0.991637	0	0	0	0	1	
1	0	0	0.549551	0	-0.991528	-0.129896	0.792796	0	0.129896	-0.991528	0	0	0	0	1	
1	0	0	0.549522	0	-0.991417	-0.130736	0.792806	0	0.130736	-0.991417	0	0	0	0	1	
1	0	0	0.549493	0	-0.991306	-0.131578	0.792816	0	0.131578	-0.991306	0	0	0	0	1	
1	0	0	0.549464	0	-0.991193	-0.132423	0.792826	0	0.132423	-0.991193	0	0	0	0	1	
1	0	0	0.549434	0	-0.99108	-0.133271	0.792837	0	0.133271	-0.99108	0	0	0	0	1	
1	0	0	0.549405	0	-0.990965	-0.134122	0.792847	0	0.134122	-0.990965	0	0	0	0	1	
1	0	0	0.549375	0	-0.990849	-0.134975	0.792857	0	0.134975	-0.990849	0	0	0	0	1	
1	0	0	0.549345	0	-0.990732	-0.135831	0.792867	0	0.135831	-0.990732	0	0	0	0	1	
1	0	0	0.549316	0	-0.990614	-0.136689	0.792878	0	0.136689	-0.990614	0	0	0	0	1	
1	0	0	0.549286	0	-0.990495	-0.13755	0.792888	0	0.13755	-0.990495	0	0	0	0	1	
1	0	0	0.549256	0	-0.990374	-0.138414	0.792899	0	0.138414	-0.990374	0	0	0	0	1	
1	0	0	0.549226	0	-0.990253	-0.13928	0.792909	0	0.13928	-0.990253	0	0	0	0	1	
1	0	0	0.549196	0	-0.99013	-0.140149	0.792919	0	0.140149	-0.99013	0	0	0	0	1	
1	0	0	0.549165	0	-0.990007	-0.14102	0.79293	0	0.14102	-0.990007	0	0	0	0	1	
1	0	0	0.549135	0	-0.989882	-0.141894	0.79294	0	0.141894	-0.989882	0	0	0	0	1	
1	0	0	0.549104	0	-0.989756	-0.142771	0.792951	0	0.142771	-0.989756	0	0	0	0	1	
1	0	0	0.549074	0	-0.989629	-0.14365	0.792962	0	0.14365	-0.989629	0	0	0	0	1	
1	0	0	0.549043	0	-0.9895	-0.144532	0.792972	0	0.144532	-0.9895	0	0	0	0	1	
1	0	0	0.549012	0	-0.989371	-0.145417	0.792983	0	0.145417	-0.989371	0	0	0	0	1	
1	0	0	0.548982	0	-0.98924	-0.146304	0.792994	0	0.146304	-0.98924	0	0	0	0	1	
1	0	0	0.548951	0	-0.989108	-0.147193	0.793004	0	0.147193	-0.989108	0	0	0	0	1	
1	0	0	0.54892	0	-0.988975	-0.148086	0.793015	0	0.148086	-0.988975	0	0	0	0	1	
1	0	0	0.548889	0	-0.98884	-0.148981	0.793026	0	0.148981	-0.98884	0	0	0	0	1	
1	0	0	0.548857	0	-0.988704	-0.149878	0.793037	0	0.149878	-0.988704	0	0	0	0	1	
1	0	0	0.548826	0	-0.988568	-0.150778	0.793048	0	0.150778	-0.988568	0	0	0	0	1	
1	0	0	0.548795	0	-0.98843	-0.151681	0.793059	0	0.151681	-0.98843	0	0	0	0	1	
1	0	0	0.548763	0	-0.98829	-0.152586	0.79307	0	0.152586	-0.98829	0	0	0	0	1	
1	0	0	0.548731	0	-0.98815	-0.153494	0.793081	0	0.153494	-0.98815	0	0	0	0	1	
1	0	0	0.5487	0	-0.988008	-0.154404	0.793092	0	0.154404	-0.988008	0	0	0	0	1	
1	0	0	0.548668	0	-0.987865	-0.155317	0.793103	0	0.155317	-0.987865	0	0	0	0	1	
1	0	0	0.548636	0	-0.98772	-0.156233	0.793114	0	0.156233	-0.98772	0	0	0	0	1	
1	0	0	0.548604	0	-0.987575	-0.157151	0.793125	0	0.157151	-0.987575	0	0	0	0	1	
1	0	0	0.548572	0	-0.987428	-0.158072	0.793136	0	0.158072	-0.987428	0	0	0	0	1	
1	0	0	0.54854	0	-0.987279	-0.158995	0.793147	0	0.158995	-0.987279	0	0	0	0	1	
1	0	0	0.548508	0	-0.98713	-0.159921	0.793158	0	0.159921	-0.98713	0	0	0	0	1	
1	0	0	0.548475	0	-0.986979	-0.160849	0.79317	0	0.160849	-0.986979	0	0	0	0	1	
1	0	0	0.548443	0	-0.986827	-0.16178	0.793181	0	0.16178	-0.986827	0	0	0	0	1	
1	0	0	0.54841	0	-0.986673	-0.162714	0.793192	0	0.162714	-0.986673	0	0	0	0	1	
1	0	0	0.548378	0	-0.986518	-0.16365	0.793203	0	0.16365	-0.986518	0	0	0	0	1	
1	0	0	0.548345	0	-0.986362	-0.164589	0.793215	0	0.164589	-0.986362	0	0	0	0	1	
1	0	0	0.548312	0	-0.986205	-0.16553	0.793226	0	0.16553	-0.986205	0	0	0	0	1	
1	0	0	0.548279	0	-0.986046	-0.166474	0.793238	0	0.166474	-0.986046	0	0	0	0	1	
1	0	0	0.548246	0	-0.985886	-0.16742	0.793249	0	0.16742	-0.985886	0	0	0	0	1	
1	0	0	0.548213	0	-0.985724	-0.168369	0.793261	0	0.168369	-0.985724	0	0	0	0	1	
1	0	0	0.54818	0	-0.985561	-0.169321	0.793272	0	0.169321	-0.985561	0	0	0	0	1	
1	0	0	0.548147	0	-0.985397	-0.170275	0.793284	0	0.170275	-0.985397	0	0	0	0	1	
1	0	0	0.548113	0	-0.985231	-0.171231	0.793295	0	0.171231	-0.985231	0	0	0	0	1	
1	0	0	0.54808	0	-0.985064	-0.17219	0.793307	0	0.17219	-0.985064	0	0	0	0	1	
1	0	0	0.548046	0	-0.984895	-0.173152	0.793319	0	0.173152	-0.984895	0	0	0	0	1	
1	0	0	0.548012	0	-0.984725	-0.174116	0.79333	0	0.174116	-0.984725	0	0	0	0	1	
1	0	0	0.547979	0	-0.984554	-0.175083	0.793342	0	0.175083	-0.984554	0	0	0	0	1	
1	0	0	0.547945	0	-0.984381	-0.176052	0.793354	0	0.176052	-0.984381	0	0	0	0	1	
1	0	0	0.547911	0	-0.984207	-0.177024	0.793366	0	0.177024	-0.984207	0	0	0	0	1	
1	0	0	0.547877	0	-0.984031	-0.177998	0.793377	0	0.177998	-0.984031	0	0	0	0	1	
1	0	0	0.547843	0	-0.983854	-0.178975	0.793389	0	0.178975	-0.983854	0	0	0	0	1	
1	0	0	0.547808	0	-0.983675	-0.179954	0.793401	0	0.179954	-0.983675	0	0	0	0	1	
1	0	0	0.547774	0	-0.983495	-0.180936	0.793413	0	0.180936	-0.983495	0	0	0	0	1	
1	0	0	0.54774	0	-0.983313	-0.181921	0.793425	0	0.181921	-0.983313	0	0	0	0	1	
1	0	0	0.547705	0	-0.98313	-0.182908	0.793437	0	0.182908	-0.98313	0	0	0	0	1	
1	0	0	0.54767	0	-0.982945	-0.183897	0.793449	0	0.183897	-0.982945	0	0	0	0	1	
1	0	0	0.547636	0	-0.982759	-0.184889	0.793461	0	0.184889	-0.982759	0	0	0	0	1	
1	0	0	0.547601	0	-0.982572	-0.185884	0.793473	0	0.185884	-0.982572	0	0	0	0	1	
1	0	0	0.547566	0	-0.982383	-0.186881	0.793485	0	0.186881	-0.982383	0	0	0	0	1	
1	0	0	0.547531	0	-0.982192	-0.18788	0.793497	0	0.18788	-0.982192	0	0	0	0	1	
1	0	0	0.547496	0	-0.982	-0.188882	0.79351	0	0.188882	-0.982	0	0	0	0	1	
1	0	0	0.547461	0	-0.981806	-0.189887	0.793522	0	0.189887	-0.981806	0	0	0	0	1	
1	0	0	0.547425	0	-0.981611	-0.190894	0.793534	0	0.190894	-0.981611	0	0	0	0	1	
1	0	0	0.54739	0	-0.981414	-0.191903	0.793546	0	0.191903	-0.981414	0	0	0	0	1	
1	0	0	0.547355	0	-0.981215	-0.192915	0.793559	0	0.192915	-0.981215	0	0	0	0	1	
1	0	0	0.547319	0	-0.981015	-0.193929	0.793571	0	0.193929	-0.981015	0	0	0	0	1	
1	0	0	0.547283	0	-0.980814	-0.194946	0.793583	0	0.194946	-0.980814	0	0	0	0	1	
1	0	0	0.547248	0	-0.980611	-0.195966	0.793596	0	0.195966	-0.980611	0	0	0	0	1	
1	0	0	0.547212	0	-0.980406	-0.196988	0.793608	0	0.196988	-0.980406	0	0	0	0	1	
1	0	0	0.547176	0	-0.9802	-0.198012	0.793621	0	0.198012	-0.9802	0	0	0	0	1	
1	0	0	0.54714	0	-0.979992	-0.199039	0.793633	0	0.199039	-0.979992	0	0	0	0	1	
1	0	0	0.547104	0	-0.979782	-0.200068	0.793646	0	0.200068	-0.979782	0	0	0	0	1	
1	0	0	0.547067	0	-0.979571	-0.2011	0.793658	0	0.2011	-0.979571	0	0	0	0	1	
1	0	0	0.547031	0	-0.979358	-0.202134	0.793671	0	0.202134	-0.979358	0	0	0	0	1	
1	0	0	0.546995	0	-0.979143	-0.203171	0.793684	0	0.203171	-0.979143	0	0	0	0	1	
1	0	0	0.546958	0	-0.978927	-0.20421	0.793696	0	0.20421	-0.978927	0	0	0	0	1	
1	0	0	0.546921	0	-0.978709	-0.205252	0.793709	0	0.205252	-0.978709	0	0	0	0	1	
1	0	0	0.546885	0	-0.97849	-0.206296	0.793722	0	0.206296	-0.97849	0	0	0	0	1	
1	0	0	0.546848	0	-0.978268	-0.207343	0.793734	0	0.207343	-0.978268	0	0	0	0	1	
1	0	0	0.546811	0	-0.978045	-0.208392	0.793747	0	0.208392	-0.978045	0	0	0	0	1	
1	0	0	0.546774	0	-0.977821	-0.209443	0.79376	0	0.209443	-0.977821	0	0	0	0	1	
1	0	0	0.546737	0	-0.977594	-0.210497	0.793773	0	0.210497	-0.977594	0	0	0	0	1	
1	0	0	0.5467	0	-0.977366	-0.211553	0.793786	0	0.211553	-0.977366	0	0	0	0	1	
1	0	0	0.546663	0	-0.977137	-0.212612	0.793799	0	0.212612	-0.977137	0	0	0	0	1	
1	0	0	0.546625	0	-0.976905	-0.213673	0.793812	0	0.213673	-0.976905	0	0	0	0	1	
1	0	0	0.546588	0	-0.976672	-0.214737	0.793825	0	0.214737	-0.976672	0	0	0	0	1	
1	0	0	0.54655	0	-0.976437	-0.215803	0.793838	0	0.215803	-0.976437	0	0	0	0	1	
1	0	0	0.546513	0	-0.9762	-0.216872	0.793851	0	0.216872	-0.9762	0	0	0	0	1	
1	0	0	0.546475	0	-0.975962	-0.217943	0.793864	0	0.217943	-0.975962	0	0	0	0	1	
1	0	0	0.546437	0	-0.975721	-0.219016	0.793877	0	0.219016	-0.975721	0	0	0	0	1	
1	0	0	0.546399	0	-0.975479	-0.220092	0.79389	0	0.220092	-0.975479	0	0	0	0	1	
1	0	0	0.546361	0	-0.975235	-0.22117	0.793904	0	0.22117	-0.975235	0	0	0	0	1	
1	0	0	0.546323	0	-0.97499	-0.22225	0.793917	0	0.22225	-0.97499	0	0	0	0	1	
1	0	0	0.546285	0	-0.974742	-0.223333	0.79393	0	0.223333	-0.974742	0	0	0	0	1	
1	0	0	0.546246	0	-0.974493	-0.224419	0.793943	0	0.224419	-0.974493	0	0	0	0	1	
1	0	0	0.546208	0	-0.974242	-0.225506	0.793957	0	0.225506	-0.974242	0	0	0	0	1	
1	0	0	0.54617	0	-0.973989	-0.226597	0.79397	0	0.226597	-0.973989	0	0	0	0	1	
1	0	0	0.546131	0	-0.973734	-0.227689	0.793983	0	0.227689	-0.973734	0	0	0	0	1	
1	0	0	0.546092	0	-0.973477	-0.228784	0.793997	0	0.228784	-0.973477	0	0	0	0	1	
1	0	0	0.546053	0	-0.973219	-0.229881	0.79401	0	0.229881	-0.973219	0	0	0	0	1	
1	0	0	0.546015	0	-0.972958	-0.230981	0.794024	0	0.230981	-0.972958	0	0	0	0	1	
1	0	0	0.545976	0	-0.972696	-0.232083	0.794037	0	0.232083	-0.972696	0	0	0	0	1	
1	0	0	0.545937	0	-0.972432	-0.233188	0.794051	0	0.233188	-0.972432	0	0	0	0	1	
1	0	0	0.545897	0	-0.972166	-0.234294	0.794065	0	0.234294	-0.972166	0	0	0	0	1	
1	0	0	0.545858	0	-0.971898	-0.235404	0.794078	0	0.235404	-0.971898	0	0	0	0	1	
1	0	0	0.545819	0	-0.971628	-0.236515	0.794092	0	0.236515	-0.971628	0	0	0	0	1	
1	0	0	0.545779	0	-0.971356	-0.237629	0.794106	0	0.237629	-0.971356	0	0	0	0	1	
1	0	0	0.54574	0	-0.971082	-0.238745	0.794119	0	0.238745	-0.971082	0	0	0	0	1	
1	0	0	0.5457	0	-0.970807	-0.239864	0.794133	0	0.239864	-0.970807	0	0	0	0	1	
1	0	0	0.54566	0	-0.970529	-0.240985	0.794147	0	0.240985	-0.970529	0	0	0	0	1	
1	0	0	0.545621	0	-0.970249	-0.242108	0.794161	0	0.242108	-0.970249	0	0	0	0	1	
1	0	0	0.545581	0	-0.969968	-0.243234	0.794174	0	0.243234	-0.969968	0	0	0	0	1	
1	0	0	0.545541	0	-0.969684	-0.244362	0.794188	0	0.244362	-0.969684	0	0	0	0	1	
1	0	0	0.545501	0	-0.969399	-0.245492	0.794202	0	0.245492	-0.969399	0	0	0	0	1	
1	0	0	0.54546	0	-0.969111	-0.246625	0.794216	0	0.246625	-0.969111	0	0	0	0	1	
1	0	0	0.54542	0	-0.968822	-0.24776	0.79423	0	0.24776	-0.968822	0	0	0	0	1	
1	0	0	0.54538	0	-0.96853	-0.248897	0.794244	0	0.248897	-0.96853	0	0	0	0	1	
1	0	0	0.545339	0	-0.968236	-0.250037	0.794258	0	0.250037	-0.968236	0	0	0	0	1	
1	0	0	0.545299	0	-0.967941	-0.251178	0.794272	0	0.251178	-0.967941	0	0	0	0	1	
1	0	0	0.545258	0	-0.967643	-0.252323	0.794287	0	0.252323	-0.967643	0	0	0	0	1	
1	0	0	0.545217	0	-0.967343	-0.253469	0.794301	0	0.253469	-0.967343	0	0	0	0	1	
1	0	0	0.545176	0	-0.967042	-0.254618	0.794315	0	0.254618	-0.967042	0	0	0	0	1	
1	0	0	0.545135	0	-0.966738	-0.255769	0.794329	0	0.255769	-0.966738	0	0	0	0	1	
1	0	0	0.545094	0	-0.966432	-0.256923	0.794343	0	0.256923	-0.966432	0	0	0	0	1	
1	0	0	0.545053	0	-0.966124	-0.258078	0.794358	0	0.258078	-0.966124	0	0	0	0	1	
1	0	0	0.545012	0	-0.965814	-0.259236	0.794372	0	0.259236	-0.965814	0	0	0	0	1	
1	0	0	0.544971	0	-0.965502	-0.260396	0.794386	0	0.260396	-0.965502	0	0	0	0	1	
1	0	0	0.544929	0	-0.965187	-0.261559	0.794401	0	0.261559	-0.965187	0	0	0	0	1	
1	0	0	0.544888	0	-0.964871	-0.262724	0.794415	0	0.262724	-0.964871	0	0	0	0	1	
1	0	0	0.544846	0	-0.964553	-0.263891	0.79443	0	0.263891	-0.964553	0	0	0	0	1	
1	0	0	0.544804	0	-0.964232	-0.26506	0.794444	0	0.26506	-0.964232	0	0	0	0	1	
1	0	0	0.544763	0	-0.963909	-0.266232	0.794459	0	0.266232	-0.963909	0	0	0	0	1	
1	0	0	0.544721	0	-0.963584	-0.267406	0.794473	0	0.267406	-0.963584	0	0	0	0	1	
1	0	0	0.544679	0	-0.963257	-0.268582	0.794488	0	0.268582	-0.963257	0	0	0	0	1	
1	0	0	0.544637	0	-0.962928	-0.26976	0.794502	0	0.26976	-0.962928	0	0	0	0	1	
1	0	0	0.544595	0	-0.962596	-0.270941	0.794517	0	0.270941	-0.962596	0	0	0	0	1	
1	0	0	0.544552	0	-0.962262	-0.272123	0.794532	0	0.272123	-0.962262	0	0	0	0	1	
1	0	0	0.54451	0	-0.961926	-0.273308	0.794546	0	0.273308	-0.961926	0	0	0	0	1	
1	0	0	0.544467	0	-0.961588	-0.274496	0.794561	0	0.274496	-0.961588	0	0	0	0	1	
1	0	0	0.544425	0	-0.961248	-0.275685	0.794576	0	0.275685	-0.961248	0	0	0	0	1	
1	0	0	0.544382	0	-0.960905	-0.276877	0.794591	0	0.276877	-0.960905	0	0	0	0	1	
1	0	0	0.544339	0	-0.960561	-0.278071	0.794605	0	0.278071	-0.960561	0	0	0	0	1	
1	0	0	0.544297	0	-0.960214	-0.279267	0.79462	0	0.279267	-0.960214	0	0	0	0	1	
1	0	0	0.544254	0	-0.959864	-0.280465	0.794635	0	0.280465	-0.959864	0	0	0	0	1	
1	0	0	0.544211	0	-0.959513	-0.281666	0.79465	0	0.281666	-0.959513	0	0	0	0	1	
1	0	0	0.544168	0	-0.959159	-0.282868	0.794665	0	0.282868	-0.959159	0	0	0	0	1	
1	0	0	0.544124	0	-0.958803	-0.284073	0.79468	0	0.284073	-0.958803	0	0	0	0	1	
1	0	0	0.544081	0	-0.958444	-0.28528	0.794695	0	0.28528	-0.958444	0	0	0	0	1	
1	0	0	0.544038	0	-0.958083	-0.28649	0.79471	0	0.28649	-0.958083	0	0	0	0	1	
1	0	0	0.543994	0	-0.95772	-0.287701	0.794725	0	0.287701	-0.95772	0	0	0	0	1	
1	0	0	0.54395	0	-0.957355	-0.288915	0.794741	0	0.288915	-0.957355	0	0	0	0	1	
1	0	0	0.543907	0	-0.956987	-0.290131	0.794756	0	0.290131	-0.956987	0	0	0	0	1	
1	0	0	0.543863	0	-0.956617	-0.291348	0.794771	0	0.291348	-0.956617	0	0	0	0	1	
1	0	0	0.543819	0	-0.956245	-0.292569	0.794786	0	0.292569	-0.956245	0	0	0	0	1	
1	0	0	0.543775	0	-0.95587	-0.293791	0.794801	0	0.293791	-0.95587	0	0	0	0	1	
1	0	0	0.543731	0	-0.955493	-0.295015	0.794817	0	0.295015	-0.955493	0	0	0	0	1	
1	0	0	0.543687	0	-0.955113	-0.296242	0.794832	0	0.296242	-0.955113	0	0	0	0	1	
1	0	0	0.543643	0	-0.954731	-0.29747	0.794847	0	0.29747	-0.954731	0	0	0	0	1	
1	0	0	0.543598	0	-0.954347	-0.298701	0.794863	0	0.298701	-0.954347	0	0	0	0	1	
1	0	0	0.543554	0	-0.95396	-0.299934	0.794878	0	0.299934	-0.95396	0	0	0	0	1	
1	0	0	0.543509	0	-0.953571	-0.301169	0.794894	0	0.301169	-0.953571	0	0	0	0	1	
1	0	0	0.543465	0	-0.953179	-0.302406	0.794909	0	0.302406	-0.953179	0	0	0	0	1	
1	0	0	0.54342	0	-0.952785	-0.303645	0.794925	0	0.303645	-0.952785	0	0	0	0	1	
1	0	0	0.543375	0	-0.952389	-0.304887	0.79494	0	0.304887	-0.952389	0	0	0	0	1	
1	0	0	0.54333	0	-0.95199	-0.30613	0.794956	0	0.30613	-0.95199	0	0	0	0	1	
1	0	0	0.543285	0	-0.951588	-0.307376	0.794971	0	0.307376	-0.951588	0	0	0	0	1	
1	0	0	0.54324	0	-0.951184	-0.308623	0.794987	0	0.308623	-0.951184	0	0	0	0	1	
1	0	0	0.543195	0	-0.950778	-0.309873	0.795003	0	0.309873	-0.950778	0	0	0	0	1	
1	0	0	0.54315	0	-0.950369	-0.311125	0.795019	0	0.311125	-0.950369	0	0	0	0	1	
1	0	0	0.543104	0	-0.949958	-0.312379	0.795034	0	0.312379	-0.949958	0	0	0	0	1	
1	0	0	0.543059	0	-0.949544	-0.313635	0.79505	0	0.313635	-0.949544	0	0	0	0	1	
1	0	0	0.543013	0	-0.949127	-0.314893	0.795066	0	0.314893	-0.949127	0	0	0	0	1	
1	0	0	0.542967	0	-0.948708	-0.316153	0.795082	0	0.316153	-0.948708	0	0	0	0	1	
1	0	0	0.542922	0	-0.948287	-0.317415	0.795098	0	0.317415	-0.948287	0	0	0	0	1	
1	0	0	0.542876	0	-0.947863	-0.318679	0.795114	0	0.318679	-0.947863	0	0	0	0	1	
1	0	0	0.54283	0	-0.947436	-0.319945	0.79513	0	0.319945	-0.947436	0	0	0	0	1	
1	0	0	0.542784	0	-0.947007	-0.321213	0.795146	0	0.321213	-0.947007	0	0	0	0	1	
1	0	0	0.542738	0	-0.946575	-0.322483	0.795162	0	0.322483	-0.946575	0	0	0	0	1	
1	0	0	0.542691	0	-0.946141	-0.323755	0.795178	0	0.323755	-0.946141	0	0	0	0	1	
1	0	0	0.542645	0	-0.945704	-0.32503	0.795194	0	0.32503	-0.945704	0	0	0	0	1	
1	0	0	0.542599	0	-0.945264	-0.326306	0.79521	0	0.326306	-0.945264	0	0	0	0	1	
1	0	0	0.542552	0	-0.944822	-0.327584	0.795226	0	0.327584	-0.944822	0	0	0	0	1	
1	0	0	0.542505	0	-0.944377	-0.328864	0.795242	0	0.328864	-0.944377	0	0	0	0	1	
1	0	0	0.542459	0	-0.94393	-0.330147	0.795258	0	0.330147	-0.94393	0	0	0	0	1	
1	0	0	0.542412	0	-0.94348	-0.331431	0.795275	0	0.331431	-0.94348	0	0	0	0	1	
1	0	0	0.542365	0	-0.943027	-0.332717	0.795291	0	0.332717	-0.943027	0	0	0	0	1	
1	0	0	0.542318	0	-0.942571	-0.334005	0.795307	0	0.334005	-0.942571	0	0	0	0	1	
1	0	0	0.542271	0	-0.942113	-0.335295	0.795324	0	0.335295	-0.942113	0	0	0	0	1	
1	0	0	0.542224	0	-0.941652	-0.336587	0.79534	0	0.336587	-0.941652	0	0	0	0	1	
1	0	0	0.542176	0	-0.941189	-0.337881	0.795356	0	0.337881	-0.941189	0	0	0	0	1	
1	0	0	0.542129	0	-0.940722	-0.339177	0.795373	0	0.339177	-0.940722	0	0	0	0	1	
1	0	0	0.542082	0	-0.940254	-0.340475	0.795389	0	0.340475	-0.940254	0	0	0	0	1	
1	0	0	0.542034	0	-0.939782	-0.341775	0.795406	0	0.341775	-0.939782	0	0	0	0	1	
1	0	0	0.541986	0	-0.939307	-0.343077	0.795422	0	0.343077	-0.939307	0	0	0	0	1	
1	0	0	0.541939	0	-0.93883	-0.34438	0.795439	0	0.34438	-0.93883	0	0	0	0	1	
1	0	0	0.541891	0	-0.93835	-0.345686	0.795456	0	0.345686	-0.93835	0	0	0	0	1	
1	0	0	0.541843	0	-0.937868	-0.346994	0.795472	0	0.346994	-0.937868	0	0	0	0	1	
1	0	0	0.541795	0	-0.937382	-0.348303	0.795489	0	0.348303	-0.937382	0	0	0	0	1	
1	0	0	0.541747	0	-0.936894	-0.349614	0.795506	0	0.349614	-0.936894	0	0	0	0	1	
1	0	0	0.541698	0	-0.936403	-0.350927	0.795522	0	0.350927	-0.936403	0	0	0	0	1	
